   3.0000000e+00
   6.0000000e+00

   3.1948788e-01
   2.8359420e-01
   3.9691792e-01


   -0.6556   -0.1551   -0.0009
    0.5404    0.0566   -0.0016
   -0.0729   -0.0182    0.0003
    0.3043    0.4875    0.0012
   -0.5130   -0.3124    0.0020
    0.0228    0.0596   -0.0003


   7.9228532e-03  -1.0770064e-02   7.2807351e-04  -5.8282045e-04   1.1125515e-02   4.5836000e-04
  -1.0770064e-02   2.2255551e-02  -5.7276098e-04  -4.5395805e-03  -2.4318610e-02  -2.1720922e-03
   7.2807351e-04  -5.7276098e-04   1.9972634e-04  -1.6914035e-04   2.5268409e-04  -2.2116911e-04
  -5.8282045e-04  -4.5395805e-03  -1.6914035e-04   8.5262824e-02  -1.3633702e-01   7.5687776e-04
   1.1125515e-02  -2.4318610e-02   2.5268409e-04  -1.3633702e-01   3.4406829e-01   5.1600562e-03
   4.5836000e-04  -2.1720922e-03  -2.2116911e-04   7.5687776e-04   5.1600562e-03   2.3080190e-03

   1.9167325e-02  -8.5320578e-03   2.8433830e-03  -5.0167256e-02   3.4343766e-02  -7.7993468e-03
  -8.5320578e-03   5.4682542e-03  -1.2892084e-03   1.6505570e-02  -1.6636179e-02   3.7034065e-03
   2.8433830e-03  -1.2892084e-03   5.5361006e-04  -6.2596200e-03   3.8401797e-03  -1.2110909e-03
  -5.0167256e-02   1.6505570e-02  -6.2596200e-03   1.9728095e-01  -8.5223056e-02   2.6666310e-02
   3.4343766e-02  -1.6636179e-02   3.8401797e-03  -8.5223056e-02   8.5597061e-02  -8.7507871e-03
  -7.7993468e-03   3.7034065e-03  -1.2110909e-03   2.6666310e-02  -8.7507871e-03   1.6601425e-02

   2.3298952e-06   2.5450759e-06   1.2614437e-06  -3.5387895e-06  -4.1550876e-06  -1.6683095e-06
   2.5450759e-06   1.2242652e-05  -3.9831921e-06  -2.8407995e-06  -1.9534199e-05   5.4321331e-06
   1.2614437e-06  -3.9831921e-06   4.5378054e-06  -2.6756319e-06   4.8670404e-06  -5.9786078e-06
  -3.5387895e-06  -2.8407995e-06  -2.6756319e-06   3.2781253e-05   3.6895840e-05   5.0958017e-06
  -4.1550876e-06  -1.9534199e-05   4.8670404e-06   3.6895840e-05   1.3805615e-04  -5.4254530e-05
  -1.6683095e-06   5.4321331e-06  -5.9786078e-06   5.0958017e-06  -5.4254530e-05   6.7392219e-05
