   2.0000000e+00
   6.0000000e+00

   8.6866146e-01   1.3133854e-01

   -1.1476    0.0126
   -1.0460   -0.0001
   -1.0349   -0.0040
   -0.0344   -0.0727
   -0.1104   -0.0498
    0.0908    0.0643

   3.4812183e-01   3.3293665e-01   3.4349214e-01   5.5197056e-02  -1.5847272e-02  -3.2148066e-03
   3.3293665e-01   3.8102999e-01   3.4337640e-01   1.7991610e-01  -3.8262094e-01   1.6187112e-01
   3.4349214e-01   3.4337640e-01   3.6669077e-01   9.6867201e-02  -6.3070203e-02   2.0164458e-02
   5.5197056e-02   1.7991610e-01   9.6867201e-02   2.0375961e+00   9.3560040e-01   1.3368266e+00
  -1.5847272e-02  -3.8262094e-01  -6.3070203e-02   9.3560040e-01   4.6157706e+00   4.7392558e-01
  -3.2148066e-03   1.6187112e-01   2.0164458e-02   1.3368266e+00   4.7392558e-01   1.9431492e+00

   6.9258486e-01   2.8931905e-02   2.3305627e-01  -6.3971355e+00  -3.3215824e+00   2.9519227e-01
   2.8931905e-02   3.4400190e-01   9.5384431e-02  -7.4407047e-01  -1.1757629e+00  -4.4980236e-01
   2.3305627e-01   9.5384431e-02   1.5728112e-01  -2.5774360e+00  -1.4389243e+00  -4.2981288e-01
  -6.3971355e+00  -7.4407047e-01  -2.5774360e+00   6.1377364e+01   3.2464767e+01   1.1835586e-01
  -3.3215824e+00  -1.1757629e+00  -1.4389243e+00   3.2464767e+01   6.1340634e+01   1.7839414e-01
   2.9519227e-01  -4.4980236e-01  -4.2981288e-01   1.1835586e-01   1.7839414e-01   3.7365424e+00
