   3.0000000e+00
   4.0000000e+00

   3.4159432e-01   2.7219852e-01   3.8620717e-01

    0.6823    0.0026    0.2517
   -1.6233    0.0119   -0.7227
   -0.5043   -0.0000   -0.6168
   -1.2106    0.0000   -0.5493

   8.6260343e-02   1.5302100e-03   4.9910257e-03   3.7855191e-03
   1.5302100e-03   2.3828376e-04   1.5873440e-04   2.2730285e-04
   4.9910257e-03   1.5873440e-04   6.6792138e-04   9.0134381e-04
   3.7855191e-03   2.2730285e-04   9.0134381e-04   2.1042612e-03

   6.4318088e-06  -7.1312571e-06  -1.0526788e-07  -7.7964342e-08
  -7.1312571e-06   2.7742910e-04   1.0102258e-07   6.6195846e-07
  -1.0526788e-07   1.0102258e-07   2.2854818e-08   5.9840336e-07
  -7.7964342e-08   6.6195846e-07   5.9840336e-07   3.7857238e-04

   1.3291964e-01  -8.6040875e-02  -7.3464741e-02  -2.0233518e-01
  -8.6040875e-02   2.5281294e-01   2.1574878e-01   1.8951249e-01
  -7.3464741e-02   2.1574878e-01   1.9018615e-01   1.7144932e-01
  -2.0233518e-01   1.8951249e-01   1.7144932e-01   6.0740188e-01
