   1.0000000e+00
   6.0000000e+00

   1.0000000e+00

  -3.8787154e-02
  -4.3472111e-01
  -3.6802968e-02
   1.3939168e-02
   4.9522040e-01
   2.3017762e-02

   1.2403080e-02   1.1344491e-02   1.1078478e-02  -3.1634592e-02  -3.5860962e-02  -2.4230650e-02
   1.1344491e-02   2.4226374e-01   6.5879554e-03   1.7076909e-02  -2.4828833e-01   1.6207576e-02
   1.1078478e-02   6.5879554e-03   2.0310260e-02  -2.1723016e-02  -4.3868711e-02  -3.8915983e-02
  -3.1634592e-02   1.7076909e-02  -2.1723016e-02   3.7533133e-01   1.3506246e-01   2.6186536e-01
  -3.5860962e-02  -2.4828833e-01  -4.3868711e-02   1.3506246e-01   8.2082198e-01   2.2203429e-01
  -2.4230650e-02   1.6207576e-02  -3.8915983e-02   2.6186536e-01   2.2203429e-01   3.8865116e-01
